BootCurrent: 0006
Timeout: 1 seconds
BootOrder: 0006,0004,0007,0008,0009,000A
Boot0000* Windows Boot Manager	HD(1,GPT,0c2b5876-9ebf-4f55-b39b-449f57920941,0x800,0x32000)/\EFI\Microsoft\Boot\bootmgfw.efi57494e444f5753000100000088000000780000004200430044004f0042004a004500430054003d007b00390064006500610038003600320063002d0035006300640064002d0034006500370030002d0061006300630031002d006600330032006200330034003400640034003700390035007d000000653e0100000010000000040000007fff0400
      dp: 04 01 2a 00 01 00 00 00 00 08 00 00 00 00 00 00 00 20 03 00 00 00 00 00 76 58 2b 0c bf 9e 55 4f b3 9b 44 9f 57 92 09 41 02 02 / 04 04 46 00 5c 00 45 00 46 00 49 00 5c 00 4d 00 69 00 63 00 72 00 6f 00 73 00 6f 00 66 00 74 00 5c 00 42 00 6f 00 6f 00 74 00 5c 00 62 00 6f 00 6f 00 74 00 6d 00 67 00 66 00 77 00 2e 00 65 00 66 00 69 00 00 00 / 7f ff 04 00
    data: 57 49 4e 44 4f 57 53 00 01 00 00 00 88 00 00 00 78 00 00 00 42 00 43 00 44 00 4f 00 42 00 4a 00 45 00 43 00 54 00 3d 00 7b 00 39 00 64 00 65 00 61 00 38 00 36 00 32 00 63 00 2d 00 35 00 63 00 64 00 64 00 2d 00 34 00 65 00 37 00 30 00 2d 00 61 00 63 00 63 00 31 00 2d 00 66 00 33 00 32 00 62 00 33 00 34 00 34 00 64 00 34 00 37 00 39 00 35 00 7d 00 00 00 65 3e 01 00 00 00 10 00 00 00 04 00 00 00 7f ff 04 00
Boot0004* Windows Boot Manager	HD(1,GPT,2498983e-6908-43af-a94a-de17a29e6f55,0x800,0x32000)/\EFI\Microsoft\Boot\bootmgfw.efi0000424f
      dp: 04 01 2a 00 01 00 00 00 00 08 00 00 00 00 00 00 00 20 03 00 00 00 00 00 3e 98 98 24 08 69 af 43 a9 4a de 17 a2 9e 6f 55 02 02 / 04 04 46 00 5c 00 45 00 46 00 49 00 5c 00 4d 00 69 00 63 00 72 00 6f 00 73 00 6f 00 66 00 74 00 5c 00 42 00 6f 00 6f 00 74 00 5c 00 62 00 6f 00 6f 00 74 00 6d 00 67 00 66 00 77 00 2e 00 65 00 66 00 69 00 00 00 / 7f ff 04 00
    data: 00 00 42 4f
Boot0006* Linux Boot Manager	HD(1,GPT,20378438-0451-43d2-9ce1-6cf8ce85a3a2,0x800,0x400000)/\EFI\systemd\systemd-bootx64.efi
      dp: 04 01 2a 00 01 00 00 00 00 08 00 00 00 00 00 00 00 00 40 00 00 00 00 00 38 84 37 20 51 04 d2 43 9c e1 6c f8 ce 85 a3 a2 02 02 / 04 04 46 00 5c 00 45 00 46 00 49 00 5c 00 73 00 79 00 73 00 74 00 65 00 6d 00 64 00 5c 00 73 00 79 00 73 00 74 00 65 00 6d 00 64 00 2d 00 62 00 6f 00 6f 00 74 00 78 00 36 00 34 00 2e 00 65 00 66 00 69 00 00 00 / 7f ff 04 00
Boot0007* UEFI OS	HD(1,GPT,20378438-0451-43d2-9ce1-6cf8ce85a3a2,0x800,0x400000)/\EFI\BOOT\BOOTX64.EFI0000424f
      dp: 04 01 2a 00 01 00 00 00 00 08 00 00 00 00 00 00 00 00 40 00 00 00 00 00 38 84 37 20 51 04 d2 43 9c e1 6c f8 ce 85 a3 a2 02 02 / 04 04 30 00 5c 00 45 00 46 00 49 00 5c 00 42 00 4f 00 4f 00 54 00 5c 00 42 00 4f 00 4f 00 54 00 58 00 36 00 34 00 2e 00 45 00 46 00 49 00 00 00 / 7f ff 04 00
    data: 00 00 42 4f
Boot0008* UEFI:CD/DVD Drive	BBS(129,,0x0)
      dp: 05 01 09 00 81 00 00 00 00 / 7f ff 04 00
Boot0009* UEFI:Removable Device	BBS(130,,0x0)
      dp: 05 01 09 00 82 00 00 00 00 / 7f ff 04 00
Boot000A* UEFI:Network Device	BBS(131,,0x0)
      dp: 05 01 09 00 83 00 00 00 00 / 7f ff 04 00
